_viz_0 = nengo_gui.components.Slider(position_input)
_viz_config[_viz_0].label_visible = True
_viz_config[_viz_0].width = 0.13069455884731437
_viz_config[_viz_0].x = 0.20684052603975725
_viz_config[_viz_0].y = 0.5052410901467516
_viz_config[_viz_0].max_value = 10
_viz_config[_viz_0].min_value = -10
_viz_config[_viz_0].height = 0.1179245283018868
_viz_1 = nengo_gui.components.Slider(yaw_input)
_viz_config[_viz_1].label_visible = True
_viz_config[_viz_1].width = 0.08976660682226212
_viz_config[_viz_1].x = 0.23206539725516512
_viz_config[_viz_1].y = 0.215900947757598
_viz_config[_viz_1].max_value = 180
_viz_config[_viz_1].min_value = -180
_viz_config[_viz_1].height = 0.1179245283018868
_viz_ace_editor = nengo_gui.components.AceEditor()
_viz_net_graph = nengo_gui.components.NetGraph()
_viz_sim_control = nengo_gui.components.SimControl()
_viz_config[_viz_sim_control].kept_time = 4.0
_viz_config[_viz_sim_control].shown_time = 0.5
_viz_config[model].pos=(-0.008976660682226212, -0.007075471698113213)
_viz_config[model].size=(1.0, 1.0)
_viz_config[model].expanded=True
_viz_config[model].has_layout=True
_viz_config[position_input].pos=(0.2141657496959518, 0.5465801886792446)
_viz_config[position_input].size=(0.1335205884056292, 0.17564203354297664)
_viz_config[quadcopter].pos=(0.7903225806451613, 0.5)
_viz_config[quadcopter].size=(0.12903225806451613, 0.2222222222222222)
_viz_config[yaw_input].pos=(0.21913900929708352, 0.20139623077646662)
_viz_config[yaw_input].size=(0.12962297682702228, 0.08054245283018849)