_viz_0 = nengo_gui.components.Slider(position_input)
_viz_config[_viz_0].label_visible = True
_viz_config[_viz_0].width = 0.08818165832190798
_viz_config[_viz_0].x = 0.21528791554456714
_viz_config[_viz_0].y = 0.48544287211740017
_viz_config[_viz_0].max_value = 5
_viz_config[_viz_0].min_value = -5
_viz_config[_viz_0].height = 0.1360185911070626
_viz_1 = nengo_gui.components.Value(quadcopter)
_viz_config[_viz_1].synapse = 0.01
_viz_config[_viz_1].max_value = 3
_viz_config[_viz_1].min_value = -3
_viz_config[_viz_1].legend_labels = [u'label_0', u'label_1', u'label_2']
_viz_config[_viz_1].height = 0.13072240507447874
_viz_config[_viz_1].label_visible = True
_viz_config[_viz_1].width = 0.12995726756560497
_viz_config[_viz_1].show_legend = False
_viz_config[_viz_1].y = 0.1355686042284266
_viz_config[_viz_1].x = 0.7827123663886592
_viz_2 = nengo_gui.components.Slider(yaw_input)
_viz_config[_viz_2].label_visible = True
_viz_config[_viz_2].width = 0.08976660682226213
_viz_config[_viz_2].x = 0.23069528324557895
_viz_config[_viz_2].y = 0.117512561681124
_viz_config[_viz_2].max_value = 4
_viz_config[_viz_2].min_value = -4
_viz_config[_viz_2].height = 0.11792452830188681
_viz_ace_editor = nengo_gui.components.AceEditor()
_viz_net_graph = nengo_gui.components.NetGraph()
_viz_sim_control = nengo_gui.components.SimControl()
_viz_config[_viz_sim_control].kept_time = 4.0
_viz_config[_viz_sim_control].shown_time = 0.5
_viz_config[model].pos=(1.1102230246251565e-16, 1.1102230246251565e-16)
_viz_config[model].size=(0.9999999999999999, 0.9999999999999999)
_viz_config[model].expanded=True
_viz_config[model].has_layout=True
_viz_config[position_input].pos=(0.2096774193548387, 0.5)
_viz_config[position_input].size=(0.12903225806451613, 0.2222222222222222)
_viz_config[quadcopter].pos=(0.8064805698731683, 0.5117924528301883)
_viz_config[quadcopter].size=(0.12903225806451613, 0.2222222222222222)
_viz_config[yaw_input].pos=(0.21866655793139592, 0.10241822205848257)
_viz_config[yaw_input].size=(0.1, 0.1)