_viz_0 = nengo_gui.components.Slider(velocity_input)
_viz_config[_viz_0].label_visible = True
_viz_config[_viz_0].width = 0.08976660682226212
_viz_config[_viz_0].x = 0.21662709214107845
_viz_config[_viz_0].y = 0.44627882599580737
_viz_config[_viz_0].max_value = 10
_viz_config[_viz_0].min_value = -10
_viz_config[_viz_0].height = 0.1179245283018868
_viz_ace_editor = nengo_gui.components.AceEditor()
_viz_net_graph = nengo_gui.components.NetGraph()
_viz_sim_control = nengo_gui.components.SimControl()
_viz_config[_viz_sim_control].kept_time = 4.0
_viz_config[_viz_sim_control].shown_time = 0.5
_viz_config[model].pos=(0.05312687013764217, 0.02718750000000003)
_viz_config[model].size=(0.9188361408882081, 0.9188361408882081)
_viz_config[model].expanded=True
_viz_config[model].has_layout=True
_viz_config[quadcopter].pos=(0.7903225806451613, 0.5)
_viz_config[quadcopter].size=(0.12903225806451613, 0.2222222222222222)
_viz_config[velocity_input].pos=(0.2096774193548387, 0.5)
_viz_config[velocity_input].size=(0.12903225806451613, 0.2222222222222222)